1.999000000000000000e+03,3.507300000000000000e+04,5.358000000000000000e+03,5.830000000000000000e+02,1.538000000000000000e+03,1.300000000000000000e+02
2.000000000000000000e+03,3.576700000000000000e+04,5.361000000000000000e+03,6.140000000000000000e+02,1.670000000000000000e+03,1.300000000000000000e+02
2.001000000000000000e+03,3.507800000000000000e+04,5.506000000000000000e+03,6.840000000000000000e+02,1.746000000000000000e+03,1.260000000000000000e+02
2.002000000000000000e+03,3.508200000000000000e+04,5.572000000000000000e+03,7.120000000000000000e+02,1.724000000000000000e+03,1.480000000000000000e+02
2.003000000000000000e+03,3.503200000000000000e+04,5.695000000000000000e+03,7.450000000000000000e+02,1.884000000000000000e+03,1.470000000000000000e+02
2.004000000000000000e+03,3.445800000000000000e+04,5.541000000000000000e+03,7.860000000000000000e+02,1.909000000000000000e+03,1.690000000000000000e+02
2.005000000000000000e+03,3.435200000000000000e+04,5.802000000000000000e+03,7.960000000000000000e+02,1.936000000000000000e+03,1.660000000000000000e+02
2.006000000000000000e+03,3.413700000000000000e+04,5.694000000000000000e+03,8.290000000000000000e+02,2.054000000000000000e+03,1.600000000000000000e+02
2.007000000000000000e+03,3.384500000000000000e+04,5.798000000000000000e+03,7.870000000000000000e+02,2.076000000000000000e+03,1.680000000000000000e+02
2.008000000000000000e+03,3.370500000000000000e+04,5.851000000000000000e+03,8.630000000000000000e+02,2.140000000000000000e+03,1.700000000000000000e+02
2.009000000000000000e+03,3.370500000000000000e+04,5.851000000000000000e+03,8.630000000000000000e+02,2.140000000000000000e+03,1.700000000000000000e+02
2.010000000000000000e+03,3.383400000000000000e+04,6.031000000000000000e+03,9.610000000000000000e+02,2.295000000000000000e+03,1.700000000000000000e+02
2.011000000000000000e+03,3.359800000000000000e+04,6.192000000000000000e+03,9.770000000000000000e+02,2.369000000000000000e+03,1.640000000000000000e+02
2.012000000000000000e+03,3.376000000000000000e+04,6.186000000000000000e+03,1.032000000000000000e+03,2.613000000000000000e+03,1.720000000000000000e+02
2.013000000000000000e+03,3.356000000000000000e+04,6.086000000000000000e+03,1.048000000000000000e+03,2.671000000000000000e+03,1.660000000000000000e+02
