1.999000000000000000e+03,1.656280000000000000e+05,1.627400000000000000e+04,4.156000000000000000e+03,9.755000000000000000e+03,6.800000000000000000e+02
2.000000000000000000e+03,1.650120000000000000e+05,1.636800000000000000e+04,4.279000000000000000e+03,1.045400000000000000e+04,6.970000000000000000e+02
2.001000000000000000e+03,1.688400000000000000e+05,1.691200000000000000e+04,4.614000000000000000e+03,1.066500000000000000e+04,7.850000000000000000e+02
2.002000000000000000e+03,1.663790000000000000e+05,1.744800000000000000e+04,4.936000000000000000e+03,1.111400000000000000e+04,8.130000000000000000e+02
2.003000000000000000e+03,1.677730000000000000e+05,1.970700000000000000e+04,5.068000000000000000e+03,1.139800000000000000e+04,8.570000000000000000e+02
2.004000000000000000e+03,1.679990000000000000e+05,2.024900000000000000e+04,5.442000000000000000e+03,1.189300000000000000e+04,8.530000000000000000e+02
2.005000000000000000e+03,1.701480000000000000e+05,2.063100000000000000e+04,5.719000000000000000e+03,1.292000000000000000e+04,8.710000000000000000e+02
2.006000000000000000e+03,1.732280000000000000e+05,2.161000000000000000e+04,5.982000000000000000e+03,1.339100000000000000e+04,9.190000000000000000e+02
2.007000000000000000e+03,1.776420000000000000e+05,2.273600000000000000e+04,6.392000000000000000e+03,1.405900000000000000e+04,1.052000000000000000e+03
2.008000000000000000e+03,1.818370000000000000e+05,2.346000000000000000e+04,6.969000000000000000e+03,1.494800000000000000e+04,1.004000000000000000e+03
2.009000000000000000e+03,1.818370000000000000e+05,2.346000000000000000e+04,6.969000000000000000e+03,1.494800000000000000e+04,1.004000000000000000e+03
2.010000000000000000e+03,1.818970000000000000e+05,2.463400000000000000e+04,7.681000000000000000e+03,1.548400000000000000e+04,1.064000000000000000e+03
2.011000000000000000e+03,1.861010000000000000e+05,2.571600000000000000e+04,8.021000000000000000e+03,1.670100000000000000e+04,1.198000000000000000e+03
2.012000000000000000e+03,1.882220000000000000e+05,2.592100000000000000e+04,8.427000000000000000e+03,1.714000000000000000e+04,1.170000000000000000e+03
2.013000000000000000e+03,1.910770000000000000e+05,2.685400000000000000e+04,8.914000000000000000e+03,1.806600000000000000e+04,1.272000000000000000e+03
