1.999000000000000000e+03,0.000000000000000000e+00,0.000000000000000000e+00,0.000000000000000000e+00,0.000000000000000000e+00,0.000000000000000000e+00
2.000000000000000000e+03,0.000000000000000000e+00,0.000000000000000000e+00,0.000000000000000000e+00,0.000000000000000000e+00,0.000000000000000000e+00
2.001000000000000000e+03,3.520000000000000000e+02,1.800000000000000000e+01,0.000000000000000000e+00,0.000000000000000000e+00,0.000000000000000000e+00
2.002000000000000000e+03,3.880000000000000000e+02,1.700000000000000000e+01,0.000000000000000000e+00,0.000000000000000000e+00,0.000000000000000000e+00
2.003000000000000000e+03,4.280000000000000000e+02,1.500000000000000000e+01,0.000000000000000000e+00,0.000000000000000000e+00,0.000000000000000000e+00
2.004000000000000000e+03,3.810000000000000000e+02,1.600000000000000000e+01,0.000000000000000000e+00,0.000000000000000000e+00,0.000000000000000000e+00
2.005000000000000000e+03,3.210000000000000000e+02,1.000000000000000000e+01,1.000000000000000000e+00,0.000000000000000000e+00,0.000000000000000000e+00
2.006000000000000000e+03,5.790000000000000000e+02,3.200000000000000000e+01,0.000000000000000000e+00,0.000000000000000000e+00,0.000000000000000000e+00
2.007000000000000000e+03,5.000000000000000000e+02,2.800000000000000000e+01,0.000000000000000000e+00,0.000000000000000000e+00,0.000000000000000000e+00
2.008000000000000000e+03,5.170000000000000000e+02,2.500000000000000000e+01,0.000000000000000000e+00,0.000000000000000000e+00,0.000000000000000000e+00
2.009000000000000000e+03,6.180000000000000000e+02,4.200000000000000000e+01,5.000000000000000000e+00,2.000000000000000000e+00,0.000000000000000000e+00
2.010000000000000000e+03,8.010000000000000000e+02,5.000000000000000000e+01,4.000000000000000000e+00,0.000000000000000000e+00,0.000000000000000000e+00
2.011000000000000000e+03,7.990000000000000000e+02,6.700000000000000000e+01,2.000000000000000000e+00,1.000000000000000000e+00,0.000000000000000000e+00
2.012000000000000000e+03,8.840000000000000000e+02,6.400000000000000000e+01,7.000000000000000000e+00,1.000000000000000000e+00,0.000000000000000000e+00
2.013000000000000000e+03,9.990000000000000000e+02,6.900000000000000000e+01,7.000000000000000000e+00,2.000000000000000000e+00,0.000000000000000000e+00
