1.999000000000000000e+03,3.700000000000000000e+01,0.000000000000000000e+00,0.000000000000000000e+00,0.000000000000000000e+00,0.000000000000000000e+00
2.000000000000000000e+03,4.500000000000000000e+01,2.000000000000000000e+00,0.000000000000000000e+00,0.000000000000000000e+00,0.000000000000000000e+00
2.001000000000000000e+03,3.300000000000000000e+01,0.000000000000000000e+00,0.000000000000000000e+00,0.000000000000000000e+00,0.000000000000000000e+00
2.002000000000000000e+03,5.500000000000000000e+01,0.000000000000000000e+00,0.000000000000000000e+00,0.000000000000000000e+00,0.000000000000000000e+00
2.003000000000000000e+03,1.280000000000000000e+02,4.000000000000000000e+00,0.000000000000000000e+00,0.000000000000000000e+00,0.000000000000000000e+00
2.004000000000000000e+03,2.530000000000000000e+02,1.800000000000000000e+01,1.000000000000000000e+00,0.000000000000000000e+00,0.000000000000000000e+00
2.005000000000000000e+03,3.590000000000000000e+02,1.300000000000000000e+01,0.000000000000000000e+00,0.000000000000000000e+00,0.000000000000000000e+00
2.006000000000000000e+03,4.230000000000000000e+02,2.200000000000000000e+01,0.000000000000000000e+00,0.000000000000000000e+00,0.000000000000000000e+00
2.007000000000000000e+03,5.270000000000000000e+02,2.100000000000000000e+01,2.000000000000000000e+00,0.000000000000000000e+00,0.000000000000000000e+00
2.008000000000000000e+03,6.590000000000000000e+02,4.100000000000000000e+01,1.000000000000000000e+00,1.000000000000000000e+00,0.000000000000000000e+00
2.009000000000000000e+03,8.810000000000000000e+02,4.400000000000000000e+01,7.000000000000000000e+00,1.000000000000000000e+00,0.000000000000000000e+00
2.010000000000000000e+03,1.148000000000000000e+03,6.700000000000000000e+01,6.000000000000000000e+00,3.000000000000000000e+00,0.000000000000000000e+00
2.011000000000000000e+03,1.304000000000000000e+03,8.200000000000000000e+01,1.200000000000000000e+01,2.000000000000000000e+00,0.000000000000000000e+00
2.012000000000000000e+03,1.775000000000000000e+03,1.130000000000000000e+02,1.000000000000000000e+01,0.000000000000000000e+00,0.000000000000000000e+00
2.013000000000000000e+03,1.997000000000000000e+03,1.500000000000000000e+02,1.900000000000000000e+01,3.000000000000000000e+00,0.000000000000000000e+00
