1.999000000000000000e+03,1.336730000000000000e+05,1.595300000000000000e+04,1.938000000000000000e+03,3.543000000000000000e+03,4.970000000000000000e+02
2.000000000000000000e+03,1.368330000000000000e+05,1.605300000000000000e+04,2.060000000000000000e+03,3.637000000000000000e+03,4.800000000000000000e+02
2.001000000000000000e+03,1.372050000000000000e+05,1.600200000000000000e+04,2.215000000000000000e+03,3.812000000000000000e+03,5.470000000000000000e+02
2.002000000000000000e+03,1.385900000000000000e+05,1.630600000000000000e+04,2.178000000000000000e+03,4.037000000000000000e+03,5.560000000000000000e+02
2.003000000000000000e+03,1.386540000000000000e+05,1.636700000000000000e+04,2.413000000000000000e+03,4.136000000000000000e+03,5.560000000000000000e+02
2.004000000000000000e+03,1.383520000000000000e+05,1.646200000000000000e+04,2.516000000000000000e+03,4.210000000000000000e+03,6.760000000000000000e+02
2.005000000000000000e+03,1.393800000000000000e+05,1.655500000000000000e+04,2.609000000000000000e+03,4.485000000000000000e+03,6.730000000000000000e+02
2.006000000000000000e+03,1.387580000000000000e+05,1.648500000000000000e+04,2.721000000000000000e+03,4.354000000000000000e+03,6.350000000000000000e+02
2.007000000000000000e+03,1.386620000000000000e+05,1.648500000000000000e+04,2.841000000000000000e+03,4.617000000000000000e+03,6.950000000000000000e+02
2.008000000000000000e+03,1.386660000000000000e+05,1.623800000000000000e+04,2.958000000000000000e+03,4.802000000000000000e+03,7.300000000000000000e+02
2.009000000000000000e+03,1.380460000000000000e+05,1.632500000000000000e+04,3.024000000000000000e+03,4.777000000000000000e+03,6.860000000000000000e+02
2.010000000000000000e+03,1.376380000000000000e+05,1.668100000000000000e+04,3.144000000000000000e+03,4.950000000000000000e+03,7.850000000000000000e+02
2.011000000000000000e+03,1.362930000000000000e+05,1.658600000000000000e+04,3.331000000000000000e+03,5.088000000000000000e+03,7.430000000000000000e+02
2.012000000000000000e+03,1.364060000000000000e+05,1.678000000000000000e+04,3.441000000000000000e+03,5.225000000000000000e+03,7.960000000000000000e+02
2.013000000000000000e+03,1.349770000000000000e+05,1.690600000000000000e+04,3.539000000000000000e+03,5.353000000000000000e+03,7.540000000000000000e+02
