1.999000000000000000e+03,1.602670000000000000e+05,1.729300000000000000e+04,2.728000000000000000e+03,6.023000000000000000e+03,6.200000000000000000e+02
2.000000000000000000e+03,1.610870000000000000e+05,1.710300000000000000e+04,3.026000000000000000e+03,5.986000000000000000e+03,6.810000000000000000e+02
2.001000000000000000e+03,1.655820000000000000e+05,1.775400000000000000e+04,3.090000000000000000e+03,6.397000000000000000e+03,7.470000000000000000e+02
2.002000000000000000e+03,1.673810000000000000e+05,1.783800000000000000e+04,3.229000000000000000e+03,6.614000000000000000e+03,7.770000000000000000e+02
2.003000000000000000e+03,1.794140000000000000e+05,2.056700000000000000e+04,3.567000000000000000e+03,6.979000000000000000e+03,8.320000000000000000e+02
2.004000000000000000e+03,1.800850000000000000e+05,2.082700000000000000e+04,3.692000000000000000e+03,7.251000000000000000e+03,9.210000000000000000e+02
2.005000000000000000e+03,1.836290000000000000e+05,2.125700000000000000e+04,3.937000000000000000e+03,7.436000000000000000e+03,9.580000000000000000e+02
2.006000000000000000e+03,1.845370000000000000e+05,2.127600000000000000e+04,4.039000000000000000e+03,7.624000000000000000e+03,9.460000000000000000e+02
2.007000000000000000e+03,1.854480000000000000e+05,2.157500000000000000e+04,4.261000000000000000e+03,8.007000000000000000e+03,9.870000000000000000e+02
2.008000000000000000e+03,1.877980000000000000e+05,2.180800000000000000e+04,4.438000000000000000e+03,8.282000000000000000e+03,1.102000000000000000e+03
2.009000000000000000e+03,1.872200000000000000e+05,2.255100000000000000e+04,4.724000000000000000e+03,8.443000000000000000e+03,1.075000000000000000e+03
2.010000000000000000e+03,1.842770000000000000e+05,2.247800000000000000e+04,4.835000000000000000e+03,8.459000000000000000e+03,1.158000000000000000e+03
2.011000000000000000e+03,1.825760000000000000e+05,2.242100000000000000e+04,4.917000000000000000e+03,8.718000000000000000e+03,1.115000000000000000e+03
2.012000000000000000e+03,1.837690000000000000e+05,2.285400000000000000e+04,5.158000000000000000e+03,8.747000000000000000e+03,1.134000000000000000e+03
2.013000000000000000e+03,1.823520000000000000e+05,2.248900000000000000e+04,5.446000000000000000e+03,9.135000000000000000e+03,1.175000000000000000e+03
