1.999000000000000000e+03,2.600400000000000000e+04,5.357000000000000000e+03,3.040000000000000000e+02,1.050000000000000000e+03,6.300000000000000000e+01
2.000000000000000000e+03,2.534000000000000000e+04,5.346000000000000000e+03,3.000000000000000000e+02,1.033000000000000000e+03,9.200000000000000000e+01
2.001000000000000000e+03,2.506600000000000000e+04,5.265000000000000000e+03,2.960000000000000000e+02,1.226000000000000000e+03,9.200000000000000000e+01
2.002000000000000000e+03,2.491800000000000000e+04,5.145000000000000000e+03,2.980000000000000000e+02,1.209000000000000000e+03,8.500000000000000000e+01
2.003000000000000000e+03,2.423200000000000000e+04,4.894000000000000000e+03,3.280000000000000000e+02,1.219000000000000000e+03,1.000000000000000000e+02
2.004000000000000000e+03,2.372600000000000000e+04,4.815000000000000000e+03,3.620000000000000000e+02,1.238000000000000000e+03,9.900000000000000000e+01
2.005000000000000000e+03,2.359700000000000000e+04,4.823000000000000000e+03,3.720000000000000000e+02,1.300000000000000000e+03,1.130000000000000000e+02
2.006000000000000000e+03,2.320200000000000000e+04,4.698000000000000000e+03,3.680000000000000000e+02,1.373000000000000000e+03,1.040000000000000000e+02
2.007000000000000000e+03,2.366600000000000000e+04,4.908000000000000000e+03,4.140000000000000000e+02,1.432000000000000000e+03,1.050000000000000000e+02
2.008000000000000000e+03,2.336200000000000000e+04,4.587000000000000000e+03,3.890000000000000000e+02,1.436000000000000000e+03,1.330000000000000000e+02
2.009000000000000000e+03,2.277700000000000000e+04,4.794000000000000000e+03,4.060000000000000000e+02,1.436000000000000000e+03,1.110000000000000000e+02
2.010000000000000000e+03,2.317200000000000000e+04,4.853000000000000000e+03,4.180000000000000000e+02,1.535000000000000000e+03,1.170000000000000000e+02
2.011000000000000000e+03,2.272800000000000000e+04,4.658000000000000000e+03,4.550000000000000000e+02,1.576000000000000000e+03,1.290000000000000000e+02
2.012000000000000000e+03,2.209300000000000000e+04,4.595000000000000000e+03,4.290000000000000000e+02,1.592000000000000000e+03,1.270000000000000000e+02
2.013000000000000000e+03,2.254900000000000000e+04,4.528000000000000000e+03,4.730000000000000000e+02,1.634000000000000000e+03,1.310000000000000000e+02
