1.999000000000000000e+03,4.000000000000000000e+00,0.000000000000000000e+00,0.000000000000000000e+00,0.000000000000000000e+00,0.000000000000000000e+00
2.000000000000000000e+03,1.000000000000000000e+01,0.000000000000000000e+00,1.000000000000000000e+00,0.000000000000000000e+00,0.000000000000000000e+00
2.001000000000000000e+03,1.200000000000000000e+01,0.000000000000000000e+00,0.000000000000000000e+00,0.000000000000000000e+00,0.000000000000000000e+00
2.002000000000000000e+03,1.400000000000000000e+01,0.000000000000000000e+00,0.000000000000000000e+00,0.000000000000000000e+00,0.000000000000000000e+00
2.003000000000000000e+03,2.200000000000000000e+01,0.000000000000000000e+00,0.000000000000000000e+00,0.000000000000000000e+00,0.000000000000000000e+00
2.004000000000000000e+03,3.300000000000000000e+01,0.000000000000000000e+00,0.000000000000000000e+00,0.000000000000000000e+00,0.000000000000000000e+00
2.005000000000000000e+03,6.400000000000000000e+01,0.000000000000000000e+00,2.000000000000000000e+00,0.000000000000000000e+00,0.000000000000000000e+00
2.006000000000000000e+03,7.000000000000000000e+01,0.000000000000000000e+00,1.000000000000000000e+00,0.000000000000000000e+00,0.000000000000000000e+00
2.007000000000000000e+03,7.900000000000000000e+01,1.000000000000000000e+00,0.000000000000000000e+00,0.000000000000000000e+00,0.000000000000000000e+00
2.008000000000000000e+03,1.220000000000000000e+02,0.000000000000000000e+00,5.000000000000000000e+00,0.000000000000000000e+00,0.000000000000000000e+00
2.009000000000000000e+03,1.460000000000000000e+02,0.000000000000000000e+00,5.000000000000000000e+00,0.000000000000000000e+00,0.000000000000000000e+00
2.010000000000000000e+03,2.040000000000000000e+02,2.000000000000000000e+00,5.000000000000000000e+00,0.000000000000000000e+00,0.000000000000000000e+00
2.011000000000000000e+03,2.490000000000000000e+02,1.000000000000000000e+00,1.300000000000000000e+01,0.000000000000000000e+00,0.000000000000000000e+00
2.012000000000000000e+03,3.220000000000000000e+02,1.000000000000000000e+00,6.000000000000000000e+00,0.000000000000000000e+00,0.000000000000000000e+00
2.013000000000000000e+03,4.490000000000000000e+02,0.000000000000000000e+00,1.600000000000000000e+01,0.000000000000000000e+00,0.000000000000000000e+00
