1.999000000000000000e+03,1.598150000000000000e+05,2.256100000000000000e+04,2.814000000000000000e+03,9.271000000000000000e+03,5.780000000000000000e+02
2.000000000000000000e+03,1.640060000000000000e+05,2.406700000000000000e+04,2.980000000000000000e+03,1.001100000000000000e+04,5.710000000000000000e+02
2.001000000000000000e+03,1.711580000000000000e+05,2.498300000000000000e+04,3.310000000000000000e+03,1.048300000000000000e+04,6.530000000000000000e+02
2.002000000000000000e+03,1.726920000000000000e+05,2.508800000000000000e+04,3.445000000000000000e+03,1.148800000000000000e+04,7.350000000000000000e+02
2.003000000000000000e+03,1.677260000000000000e+05,2.723500000000000000e+04,3.497000000000000000e+03,1.122200000000000000e+04,7.300000000000000000e+02
2.004000000000000000e+03,1.665020000000000000e+05,2.752400000000000000e+04,3.704000000000000000e+03,1.149600000000000000e+04,7.600000000000000000e+02
2.005000000000000000e+03,1.674760000000000000e+05,2.788900000000000000e+04,3.598000000000000000e+03,1.168700000000000000e+04,7.560000000000000000e+02
2.006000000000000000e+03,1.832990000000000000e+05,2.971100000000000000e+04,3.974000000000000000e+03,1.270400000000000000e+04,7.890000000000000000e+02
2.007000000000000000e+03,1.930900000000000000e+05,3.199600000000000000e+04,4.354000000000000000e+03,1.368900000000000000e+04,8.600000000000000000e+02
2.008000000000000000e+03,1.824660000000000000e+05,3.174400000000000000e+04,4.210000000000000000e+03,1.399900000000000000e+04,8.450000000000000000e+02
2.009000000000000000e+03,1.763350000000000000e+05,3.276100000000000000e+04,4.264000000000000000e+03,1.436100000000000000e+04,8.850000000000000000e+02
2.010000000000000000e+03,1.684510000000000000e+05,3.170500000000000000e+04,4.224000000000000000e+03,1.372300000000000000e+04,8.750000000000000000e+02
2.011000000000000000e+03,1.703100000000000000e+05,3.244700000000000000e+04,4.509000000000000000e+03,1.379500000000000000e+04,8.280000000000000000e+02
2.012000000000000000e+03,1.420410000000000000e+05,2.900700000000000000e+04,3.827000000000000000e+03,1.252900000000000000e+04,7.780000000000000000e+02
2.013000000000000000e+03,1.366040000000000000e+05,2.820800000000000000e+04,3.853000000000000000e+03,1.240900000000000000e+04,7.620000000000000000e+02
